Objects Count:62
<LowPoly_-_Fence_A>
<Position>: 93.7951 0.01 203.349
<Look>: 0.0215598 0 -0.999768
<Up>: 0 1 0
<Right>: -0.999768 0 -0.0215598

<LowPoly_-_Fence_A>
<Position>: 43.0374 0.01 154.475
<Look>: 0.999548 0 -0.030055
<Up>: 0 1 0
<Right>: -0.030055 0 -0.999548

<LowPoly_-_Fence_A>
<Position>: 101.129 0.01 80.4134
<Look>: 0.0533933 0 0.998574
<Up>: 0 1 0
<Right>: 0.998574 0 -0.0533933

<LowPoly_-_Fence_A>
<Position>: 132.874 0.01 202.745
<Look>: -0.0273739 0 -0.999625
<Up>: 0 1 0
<Right>: -0.999625 0 0.0273739

<LowPoly_-_Fence_B>
<Position>: 45.364 0.01 113.531
<Look>: 0.999555 0 -0.029832
<Up>: 0 1 0
<Right>: -0.029832 0 -0.999555

<LowPoly_-_Fence_B>
<Position>: 72.9362 0.01 81.3963
<Look>: -0.129652 0 0.99156
<Up>: 0 1 0
<Right>: 0.99156 0 0.129652

<LowPoly_-_Fence_B>
<Position>: 154.013 0.01 153.559
<Look>: -0.998684 0 -0.0512878
<Up>: 0 1 0
<Right>: -0.0512878 0 0.998684

<LowPoly_-_Fence_B>
<Position>: 159.858 0.01 183.634
<Look>: -0.998605 0 -0.0527973
<Up>: 0 1 0
<Right>: -0.0527973 0 0.998605

<PondSquare>
<Position>: 98.6089 0.01 140.835
<Look>: 0.996987 0 0.0775739
<Up>: 0 1 0
<Right>: 0.0775739 0 -0.996987

<SM_BigPlainRock_Snow_02>
<Position>: 52.0477 0.01 189.601
<Look>: -0.525935 0 -0.850525
<Up>: 0 1 0
<Right>: -0.850525 0 0.525935

<SM_BigPlainRock_Snow_02>
<Position>: 190.53 0.01 155.782
<Look>: 0.994612 0 0.103666
<Up>: 0 1 0
<Right>: 0.103666 0 -0.994612

<SM_BigPlainRock_Snow_04>
<Position>: 48.1708 0.01 89.3728
<Look>: 0.72219 0 -0.691694
<Up>: 0 1 0
<Right>: -0.691694 0 -0.72219

<SM_BigPlainRock_Snow_04>
<Position>: 102.414 0.01 258.897
<Look>: -0.998273 0 0.0587503
<Up>: 0 1 0
<Right>: 0.0587503 0 0.998273

<SM_DeadTrunk_01>
<Position>: 368.594 0.01 169.914
<Look>: -0.161714 0 0.986838
<Up>: 0 1 0
<Right>: 0.986838 0 0.161714

<SM_DeadTrunk_02>
<Position>: 332.045 0.01 134.776
<Look>: -0.363351 0 -0.931652
<Up>: 0 1 0
<Right>: -0.931652 0 0.363351

<SM_DeadTrunk_02>
<Position>: 162.215 0.01 53.157
<Look>: 0.739143 0 0.673548
<Up>: 0 1 0
<Right>: 0.673548 0 -0.739143

<SM_DeadTrunk_03>
<Position>: 270.59 0.01 201.02
<Look>: -0.835605 0 -0.54933
<Up>: 0 1 0
<Right>: -0.54933 0 0.835605

<SM_DeadTrunk_04>
<Position>: 345.301 0.01 93.6368
<Look>: -0.604494 0 -0.79661
<Up>: 0 1 0
<Right>: -0.79661 0 0.604494

<SM_DeadTrunk_05>
<Position>: 243.586 0.01 188.393
<Look>: 0.482378 0 -0.875963
<Up>: 0 1 0
<Right>: -0.875963 0 -0.482378

<SM_Deer>
<Position>: 340.093 0.01 119.363
<Look>: -0.703853 0 0.710345
<Up>: 0 1 0
<Right>: 0.710345 0 0.703853

<SM_Deer>
<Position>: 96.4012 0.01 39.0308
<Look>: 0.227536 0 0.97377
<Up>: 0 1 0
<Right>: 0.97377 0 -0.227536

<SM_PineTree_Snow_02>
<Position>: 140.884 0.01 190.152
<Look>: -0.40593 0 0.913904
<Up>: 0 1 0
<Right>: 0.913904 0 0.40593

<SM_PineTree_Snow_02>
<Position>: 401.908 0.01 148.502
<Look>: -0.995062 0 -0.0992535
<Up>: 0 1 0
<Right>: -0.0992535 0 0.995062

<SM_PineTree_Snow_02>
<Position>: 423.209 0.01 42.3198
<Look>: -0.87538 0 0.483436
<Up>: 0 1 0
<Right>: 0.483436 0 0.87538

<SM_PineTree_Snow_02>
<Position>: 192.351 0.01 257.988
<Look>: -0.162773 0 -0.986664
<Up>: 0 1 0
<Right>: -0.986664 0 0.162773

<SM_PineTree_Snow_02>
<Position>: 425.863 0.01 220.483
<Look>: -0.936526 0 -0.350598
<Up>: 0 1 0
<Right>: -0.350598 0 0.936526

<SM_PineTree_Snow_02>
<Position>: 245.252 0.01 92.7797
<Look>: -0.123391 0 0.992358
<Up>: 0 1 0
<Right>: 0.992358 0 0.123391

<SM_PineTree_Snow_02>
<Position>: 334.377 0.01 268.481
<Look>: -0.0606893 0 -0.998157
<Up>: 0 1 0
<Right>: -0.998157 0 0.0606893

<SM_PineTree_Snow_02>
<Position>: 427.633 0.01 262.012
<Look>: -0.999403 0 0.0345388
<Up>: 0 1 0
<Right>: 0.0345388 0 0.999403

<SM_PineTree_Snow_02>
<Position>: 475.343 0.01 124.563
<Look>: -0.995062 0 0.0992509
<Up>: 0 1 0
<Right>: 0.0992509 0 0.995062

<SM_PineTree_Snow_02>
<Position>: 141.425 0.01 28.3058
<Look>: -0.916231 0 0.40065
<Up>: 0 1 0
<Right>: 0.40065 0 0.916231

<SM_PineTree_Snow_02>
<Position>: 347.597 0.01 177.095
<Look>: -0.862487 0 -0.506079
<Up>: 0 1 0
<Right>: -0.506079 0 0.862487

<SM_PineTree_Snow_04>
<Position>: 74.5881 0.01 192.209
<Look>: 0.994109 0 -0.108386
<Up>: 0 1 0
<Right>: -0.108386 0 -0.994109

<SM_PineTree_Snow_04>
<Position>: 319.752 0.01 228.822
<Look>: -0.905332 0 -0.424705
<Up>: 0 1 0
<Right>: -0.424705 0 0.905332

<SM_PineTree_Snow_04>
<Position>: 470.456 0.01 16.2271
<Look>: -0.516352 0 0.856376
<Up>: 0 1 0
<Right>: 0.856376 0 0.516352

<SM_PineTree_Snow_04>
<Position>: 49.7073 0.01 289.529
<Look>: 0.94047 0 -0.339877
<Up>: 0 1 0
<Right>: -0.339877 0 -0.94047

<SM_PineTree_Snow_04>
<Position>: 251.79 0.01 118.047
<Look>: 0.674461 0 0.738311
<Up>: 0 1 0
<Right>: 0.738311 0 -0.674461

<SM_PineTree_Snow_04>
<Position>: 451.384 0.01 215.597
<Look>: -0.461375 0 -0.887205
<Up>: 0 1 0
<Right>: -0.887205 0 0.461375

<SM_PineTree_Snow_04>
<Position>: 291.475 0.01 252.042
<Look>: -0.927123 0 -0.374756
<Up>: 0 1 0
<Right>: -0.374756 0 0.927123

<SM_PineTree_Snow_04>
<Position>: 462.435 0.01 253.876
<Look>: -0.216084 0 -0.976375
<Up>: 0 1 0
<Right>: -0.976375 0 0.216084

<SM_PineTree_Snow_04>
<Position>: 368.895 0.01 113.671
<Look>: -0.911351 0 -0.411629
<Up>: 0 1 0
<Right>: -0.411629 0 0.911351

<SM_PineTree_Snow_04>
<Position>: 12.3387 0.01 94.506
<Look>: -0.00698764 0 0.999976
<Up>: 0 1 0
<Right>: 0.999976 0 0.00698764

<SM_PineTree_Snow_06>
<Position>: 450.985 0.01 93.2577
<Look>: -0.990813 0 0.13524
<Up>: 0 1 0
<Right>: 0.13524 0 0.990813

<SM_PineTree_Snow_06>
<Position>: 320.349 0.01 239.084
<Look>: -0.99383 0 0.110916
<Up>: 0 1 0
<Right>: 0.110916 0 0.99383

<SM_PineTree_Snow_06>
<Position>: 26.026 0.01 219.087
<Look>: 0.953217 0 0.302286
<Up>: 0 1 0
<Right>: 0.302286 0 -0.953217

<SM_PineTree_Snow_06>
<Position>: 260.031 0.01 67.0094
<Look>: -0.910597 0 0.413295
<Up>: 0 1 0
<Right>: 0.413295 0 0.910597

<SM_PineTree_Snow_06>
<Position>: 273.726 0.01 131.876
<Look>: 0.992359 0 0.123387
<Up>: 0 1 0
<Right>: 0.123387 0 -0.992359

<SM_PineTree_Snow_06>
<Position>: 424.698 0.01 240.566
<Look>: -0.993619 0 0.11279
<Up>: 0 1 0
<Right>: 0.11279 0 0.993619

<SM_PineTree_Snow_06>
<Position>: 266.879 0.01 251.159
<Look>: -0.898862 0 0.438232
<Up>: 0 1 0
<Right>: 0.438232 0 0.898862

<SM_PineTree_Snow_06>
<Position>: 383.72 0.01 274.666
<Look>: -0.0345367 0 -0.999403
<Up>: 0 1 0
<Right>: -0.999403 0 0.0345367

<SM_PineTree_Snow_06>
<Position>: 354.689 0.01 198.238
<Look>: -0.849513 0 -0.527568
<Up>: 0 1 0
<Right>: -0.527568 0 0.849513

<SM_PineTree_Snow_06>
<Position>: 12.3255 0.01 66.2261
<Look>: -0.00698764 0 0.999976
<Up>: 0 1 0
<Right>: 0.999976 0 0.00698764

<SM_PineTree_Snow_08>
<Position>: 424.191 0.01 105.442
<Look>: -0.836067 0 0.548627
<Up>: 0 1 0
<Right>: 0.548627 0 0.836067

<SM_PineTree_Snow_08>
<Position>: 159.653 0.01 240.147
<Look>: -0.926319 0 -0.376741
<Up>: 0 1 0
<Right>: -0.376741 0 0.926319

<SM_PineTree_Snow_08>
<Position>: 25.9593 0.01 263.486
<Look>: 0.755801 0 -0.654802
<Up>: 0 1 0
<Right>: -0.654802 0 -0.755801

<SM_PineTree_Snow_08>
<Position>: 304.9 0.01 47.5626
<Look>: -0.623715 0 0.781652
<Up>: 0 1 0
<Right>: 0.781652 0 0.623715

<SM_PineTree_Snow_08>
<Position>: 398.459 0.01 189.529
<Look>: -0.712956 0 -0.701208
<Up>: 0 1 0
<Right>: -0.701208 0 0.712956

<SM_PineTree_Snow_08>
<Position>: 480.784 0.01 207.097
<Look>: -0.594486 0 -0.804106
<Up>: 0 1 0
<Right>: -0.804106 0 0.594486

<SM_PineTree_Snow_08>
<Position>: 359.783 0.01 240.087
<Look>: 0.622798 0 -0.782383
<Up>: 0 1 0
<Right>: -0.782383 0 -0.622798

<SM_PineTree_Snow_08>
<Position>: 398.743 0.01 218.086
<Look>: -0.982152 0 -0.188088
<Up>: 0 1 0
<Right>: -0.188088 0 0.982152

<SM_PineTree_Snow_08>
<Position>: 462.176 0.01 161.587
<Look>: -0.749327 0 0.6622
<Up>: 0 1 0
<Right>: 0.6622 0 0.749327

<SM_PineTree_Snow_08>
<Position>: 12.6399 0.01 21.1351
<Look>: -0.00698764 0 0.999976
<Up>: 0 1 0
<Right>: 0.999976 0 0.00698764

