Objects Count:21
<GoldTimer>
<Position>: 481.393 0 287.042
<Look>: 0.912905 0 0.408173
<Up>: 0 1 0
<Right>: 0.408173 0 -0.912905

<GoldTimer>
<Position>: 14.2691 0 246.296
<Look>: 0.983158 0 -0.182757
<Up>: 0 1 0
<Right>: -0.182757 0 -0.983158

<GoldTimer>
<Position>: 427.708 0 26.2538
<Look>: -0.866378 0 0.499389
<Up>: 0 1 0
<Right>: 0.499389 0 0.866378

<GoldTimer>
<Position>: 258.592 0 109.436
<Look>: 0.996971 0 -0.0777765
<Up>: 0 1 0
<Right>: -0.0777765 0 -0.996971

<GoldTimer>
<Position>: 158.816 0 16.8809
<Look>: 0.258922 0 0.965898
<Up>: 0 1 0
<Right>: 0.965898 0 -0.258922

<GoldTimer>
<Position>: 255.095 0 278.751
<Look>: -0.156024 0 -0.987753
<Up>: 0 1 0
<Right>: -0.987753 0 0.156024

<GoldTimer>
<Position>: 26.9794 0 23.9413
<Look>: -0.996782 0 -0.0801605
<Up>: 0 1 0
<Right>: -0.0801605 0 0.996782

<Hammer>
<Position>: 406.498 0 292.99
<Look>: -0.999677 0 0.0254295
<Up>: 0 1 0
<Right>: 0.0254295 0 0.999677

<Hammer>
<Position>: 331.269 0 93.4231
<Look>: -1 0 -0.000435256
<Up>: 0 1 0
<Right>: -0.000435256 0 1

<Hammer>
<Position>: 487.999 0 154.896
<Look>: 0.0252042 0 0.999682
<Up>: 0 1 0
<Right>: 0.999682 0 -0.0252042

<Hammer>
<Position>: 195.038 0 109.609
<Look>: 0.566476 0 0.824079
<Up>: 0 1 0
<Right>: 0.824079 0 -0.566476

<Hammer>
<Position>: 207.253 0 226.363
<Look>: -0.98323 0 -0.182368
<Up>: 0 1 0
<Right>: -0.182368 0 0.98323

<Hammer>
<Position>: 16.0697 0 24.4765
<Look>: 0.707189 0 0.707024
<Up>: 0 1 0
<Right>: 0.707024 0 -0.707189

<Hammer>
<Position>: 61.2252 0 202.969
<Look>: 0.958681 0 -0.284482
<Up>: 0 1 0
<Right>: -0.284482 0 -0.958681

<Hammer>
<Position>: 279.609 0 21.7605
<Look>: 0.333565 0 0.942727
<Up>: 0 1 0
<Right>: 0.942727 0 -0.333565

<Hammer>
<Position>: 439.642 0 132.236
<Look>: -0.454637 0 0.890677
<Up>: 0 1 0
<Right>: 0.890677 0 0.454637

<Hammer>
<Position>: 107.127 0 225.079
<Look>: -0.566085 0 0.824347
<Up>: 0 1 0
<Right>: 0.824347 0 0.566085

<Hammer>
<Position>: 71.5816 0 54.2957
<Look>: 0.258319 0 -0.96606
<Up>: 0 1 0
<Right>: -0.96606 0 -0.258319

<Hammer>
<Position>: 258.071 0 182.864
<Look>: 0.522306 0 0.852758
<Up>: 0 1 0
<Right>: 0.852758 0 -0.522306

<Hammer>
<Position>: 348.661 0 14.08
<Look>: 0.628821 0 0.77755
<Up>: 0 1 0
<Right>: 0.77755 0 -0.628821

<Hammer>
<Position>: 493.065 0 48.7913
<Look>: -0.429398 0 -0.903116
<Up>: 0 1 0
<Right>: -0.903116 0 0.429398

