Objects Count:584
<Foliage0>
<Position>: 17.8155 0 18.8786
<Look>: -0.800598 0 0.599202
<Up>: 0 1 0
<Right>: 0.599202 0 0.800598

<Foliage0>
<Position>: 13.2036 0 35.0104
<Look>: 0.096127 0 0.995369
<Up>: 0 1 0
<Right>: 0.995369 0 -0.096127

<Foliage0>
<Position>: 27.0851 0 60.6183
<Look>: 0.484897 0 0.874571
<Up>: 0 1 0
<Right>: 0.874571 0 -0.484897

<Foliage0>
<Position>: 31.4116 0 70.3711
<Look>: 0.0841961 0 0.996449
<Up>: 0 1 0
<Right>: 0.996449 0 -0.0841961

<Foliage0>
<Position>: 15.9528 0 47.062
<Look>: 0.55314 0 0.833088
<Up>: 0 1 0
<Right>: 0.833088 0 -0.55314

<Foliage0>
<Position>: 31.1715 0 81.9995
<Look>: -0.36765 0 0.929964
<Up>: 0 1 0
<Right>: 0.929964 0 0.36765

<Foliage0>
<Position>: 284.579 0 155.488
<Look>: 0.359313 0 -0.933217
<Up>: 0 1 0
<Right>: -0.933217 0 -0.359313

<Foliage0>
<Position>: 230.122 0 111.784
<Look>: -0.728782 0 -0.684746
<Up>: 0 1 0
<Right>: -0.684746 0 0.728782

<Foliage0>
<Position>: 28.8121 0 153.581
<Look>: -0.717716 0 0.696336
<Up>: 0 1 0
<Right>: 0.696336 0 0.717716

<Foliage0>
<Position>: 84.558 0 280.738
<Look>: 0.867665 0 -0.49715
<Up>: 0 1 0
<Right>: -0.49715 0 -0.867665

<Foliage0>
<Position>: 18.6551 0 289.537
<Look>: 0.999079 0 -0.0429145
<Up>: 0 1 0
<Right>: -0.0429145 0 -0.999079

<Foliage0>
<Position>: 22.4226 0 231.734
<Look>: -0.207257 0 0.978287
<Up>: 0 1 0
<Right>: 0.978287 0 0.207257

<Foliage0>
<Position>: 212.663 0 282.349
<Look>: 0.999959 0 -0.00900973
<Up>: 0 1 0
<Right>: -0.00900973 0 -0.999959

<Foliage0>
<Position>: 224.561 0 280.939
<Look>: 0.885183 0 -0.465244
<Up>: 0 1 0
<Right>: -0.465244 0 -0.885183

<Foliage0>
<Position>: 254.377 0 190.054
<Look>: 0.188573 0 -0.982059
<Up>: 0 1 0
<Right>: -0.982059 0 -0.188573

<Foliage0>
<Position>: 286.351 0 135.479
<Look>: -0.42894 0 -0.903333
<Up>: 0 1 0
<Right>: -0.903333 0 0.42894

<Foliage0>
<Position>: 269.483 0 119.037
<Look>: -0.986278 0 -0.165091
<Up>: 0 1 0
<Right>: -0.165091 0 0.986278

<Foliage0>
<Position>: 249.926 0 117.111
<Look>: -0.998666 0 -0.0516305
<Up>: 0 1 0
<Right>: -0.0516305 0 0.998666

<Foliage0>
<Position>: 17.4534 0 112.483
<Look>: 0.191435 0 0.981505
<Up>: 0 1 0
<Right>: 0.981505 0 -0.191435

<Foliage0>
<Position>: 85.9408 0 19.188
<Look>: -0.984953 0 0.172825
<Up>: 0 1 0
<Right>: 0.172825 0 0.984953

<Foliage0>
<Position>: 219.241 0 100.904
<Look>: -0.671376 0 -0.741117
<Up>: 0 1 0
<Right>: -0.741117 0 0.671376

<Foliage0>
<Position>: 493.428 0 218.327
<Look>: -0.115451 0 -0.993313
<Up>: 0 1 0
<Right>: -0.993313 0 0.115451

<Foliage0>
<Position>: 280.777 0 38.8814
<Look>: -0.950792 0 -0.309829
<Up>: 0 1 0
<Right>: -0.309829 0 0.950792

<Foliage0>
<Position>: 315.697 0 210.197
<Look>: 0.947637 0 0.319351
<Up>: 0 1 0
<Right>: 0.319351 0 -0.947637

<Foliage0>
<Position>: 348.894 0 212.171
<Look>: 0.798891 0 -0.601476
<Up>: 0 1 0
<Right>: -0.601476 0 -0.798891

<Foliage0>
<Position>: 162.478 0 14.9292
<Look>: -0.915012 0 0.403426
<Up>: 0 1 0
<Right>: 0.403426 0 0.915012

<Foliage0>
<Position>: 118.243 0 57.5428
<Look>: -0.794203 0 0.607652
<Up>: 0 1 0
<Right>: 0.607652 0 0.794203

<Foliage0>
<Position>: 86.7671 0 62.2316
<Look>: -0.97935 0 -0.202173
<Up>: 0 1 0
<Right>: -0.202173 0 0.97935

<Foliage0>
<Position>: 66.0238 0 243.001
<Look>: 0.574018 0 0.818843
<Up>: 0 1 0
<Right>: 0.818843 0 -0.574018

<Foliage0>
<Position>: 68.5966 0 62.7571
<Look>: -0.865721 0 0.500526
<Up>: 0 1 0
<Right>: 0.500526 0 0.865721

<Foliage0>
<Position>: 82.1146 0 257.018
<Look>: 0.872481 0 0.488647
<Up>: 0 1 0
<Right>: 0.488647 0 -0.872481

<Foliage0>
<Position>: 99.8725 0 264.939
<Look>: 0.997912 0 0.0645873
<Up>: 0 1 0
<Right>: 0.0645873 0 -0.997912

<Foliage0>
<Position>: 210.583 0 261.84
<Look>: 0.943434 0 0.331562
<Up>: 0 1 0
<Right>: 0.331562 0 -0.943434

<Foliage0>
<Position>: 192.503 0 250.555
<Look>: 0.815207 0 0.57917
<Up>: 0 1 0
<Right>: 0.57917 0 -0.815207

<Foliage0>
<Position>: 265.772 0 280.911
<Look>: 0.941406 0 -0.337276
<Up>: 0 1 0
<Right>: -0.337276 0 -0.941406

<Foliage0>
<Position>: 241.586 0 279.718
<Look>: 0.921635 0 0.388058
<Up>: 0 1 0
<Right>: 0.388058 0 -0.921635

<Foliage0>
<Position>: 293.777 0 280.119
<Look>: 0.91014 0 0.414301
<Up>: 0 1 0
<Right>: 0.414301 0 -0.91014

<Foliage0>
<Position>: 77.5484 0 103.969
<Look>: -0.855485 0 0.517828
<Up>: 0 1 0
<Right>: 0.517828 0 0.855485

<Foliage0>
<Position>: 101.576 0 106.356
<Look>: -0.903091 0 -0.42945
<Up>: 0 1 0
<Right>: -0.42945 0 0.903091

<Foliage0>
<Position>: 188.282 0 205.447
<Look>: 0.749311 0 -0.662218
<Up>: 0 1 0
<Right>: -0.662218 0 -0.749311

<Foliage0>
<Position>: 338.683 0 232.662
<Look>: -0.736183 0 0.676782
<Up>: 0 1 0
<Right>: 0.676782 0 0.736183

<Foliage0>
<Position>: 230.202 0 184.417
<Look>: 0.531529 0 -0.84704
<Up>: 0 1 0
<Right>: -0.84704 0 -0.531529

<Foliage0>
<Position>: 209.056 0 194.071
<Look>: 0.992379 0 -0.123225
<Up>: 0 1 0
<Right>: -0.123225 0 -0.992379

<Foliage0>
<Position>: 169.833 0 233.047
<Look>: 0.203657 0 -0.979042
<Up>: 0 1 0
<Right>: -0.979042 0 -0.203657

<Foliage1>
<Position>: 23.8021 0 104.705
<Look>: 0.149473 0 0.988766
<Up>: 0 1 0
<Right>: 0.988766 0 -0.149473

<Foliage1>
<Position>: 27.5741 0 117.389
<Look>: 0.565194 0 0.824958
<Up>: 0 1 0
<Right>: 0.824958 0 -0.565194

<Foliage1>
<Position>: 258.753 0 208.207
<Look>: -0.373973 0 -0.92744
<Up>: 0 1 0
<Right>: -0.92744 0 0.373973

<Foliage1>
<Position>: 71.0396 0 286.991
<Look>: 0.960037 0 -0.279874
<Up>: 0 1 0
<Right>: -0.279874 0 -0.960037

<Foliage1>
<Position>: 19.1509 0 247.111
<Look>: -0.207257 0 0.978287
<Up>: 0 1 0
<Right>: 0.978287 0 0.207257

<Foliage1>
<Position>: 96.5503 0 276.002
<Look>: 0.999954 0 -0.00958762
<Up>: 0 1 0
<Right>: -0.00958762 0 -0.999954

<Foliage1>
<Position>: 34.5451 0 142.002
<Look>: -0.318391 0 0.94796
<Up>: 0 1 0
<Right>: 0.94796 0 0.318391

<Foliage1>
<Position>: 19.4488 0 168.211
<Look>: -0.14634 0 0.989234
<Up>: 0 1 0
<Right>: 0.989234 0 0.14634

<Foliage1>
<Position>: 155.539 0 279.085
<Look>: 0.78485 0 -0.619685
<Up>: 0 1 0
<Right>: -0.619685 0 -0.78485

<Foliage1>
<Position>: 36.2891 0 288.78
<Look>: 0.999079 0 -0.0429145
<Up>: 0 1 0
<Right>: -0.0429145 0 -0.999079

<Foliage1>
<Position>: 246.628 0 253.673
<Look>: 0.471568 0 -0.88183
<Up>: 0 1 0
<Right>: -0.88183 0 -0.471568

<Foliage1>
<Position>: 16.8442 0 257.999
<Look>: -0.207257 0 0.978287
<Up>: 0 1 0
<Right>: 0.978287 0 0.207257

<Foliage1>
<Position>: 51.3103 0 288.134
<Look>: 0.999079 0 -0.0429145
<Up>: 0 1 0
<Right>: -0.0429145 0 -0.999079

<Foliage1>
<Position>: 168.797 0 270.351
<Look>: 0.971878 0 -0.235486
<Up>: 0 1 0
<Right>: -0.235486 0 -0.971878

<Foliage1>
<Position>: 182.569 0 269.111
<Look>: 0.951707 0 0.307009
<Up>: 0 1 0
<Right>: 0.307009 0 -0.951707

<Foliage1>
<Position>: 142.109 0 287.377
<Look>: 0.906879 0 -0.421391
<Up>: 0 1 0
<Right>: -0.421391 0 -0.906879

<Foliage1>
<Position>: 197.861 0 276.263
<Look>: 0.854616 0 0.519261
<Up>: 0 1 0
<Right>: 0.519261 0 -0.854616

<Foliage1>
<Position>: 257.757 0 232.839
<Look>: 0.397698 0 -0.917516
<Up>: 0 1 0
<Right>: -0.917516 0 -0.397698

<Foliage1>
<Position>: 265.507 0 170.507
<Look>: 0.893361 0 -0.449339
<Up>: 0 1 0
<Right>: -0.449339 0 -0.893361

<Foliage1>
<Position>: 116.81 0 41.2973
<Look>: -0.682301 0 -0.731072
<Up>: 0 1 0
<Right>: -0.731072 0 0.682301

<Foliage1>
<Position>: 20.6596 0 80.4418
<Look>: -0.286291 0 0.958143
<Up>: 0 1 0
<Right>: 0.958143 0 0.286291

<Foliage1>
<Position>: 20.6396 0 128.916
<Look>: 0.191435 0 0.981505
<Up>: 0 1 0
<Right>: 0.981505 0 -0.191435

<Foliage1>
<Position>: 193.602 0 72.6124
<Look>: -0.671376 0 -0.741117
<Up>: 0 1 0
<Right>: -0.741117 0 0.671376

<Foliage1>
<Position>: 67.6327 0 26.8757
<Look>: -0.831168 0 0.556021
<Up>: 0 1 0
<Right>: 0.556021 0 0.831168

<Foliage1>
<Position>: 103.891 0 25.397
<Look>: -0.830654 0 -0.556789
<Up>: 0 1 0
<Right>: -0.556789 0 0.830654

<Foliage1>
<Position>: 452.63 0 98.7794
<Look>: 0.542863 0 -0.839821
<Up>: 0 1 0
<Right>: -0.839821 0 -0.542863

<Foliage1>
<Position>: 494.064 0 58.4697
<Look>: -0.141284 0 -0.989969
<Up>: 0 1 0
<Right>: -0.989969 0 0.141284

<Foliage1>
<Position>: 489.737 0 73.114
<Look>: 0.450405 0 -0.892824
<Up>: 0 1 0
<Right>: -0.892824 0 -0.450405

<Foliage1>
<Position>: 430.402 0 66.0412
<Look>: -0.820481 0 0.571674
<Up>: 0 1 0
<Right>: 0.571674 0 0.820481

<Foliage1>
<Position>: 270.352 0 195.147
<Look>: 0.947637 0 0.319351
<Up>: 0 1 0
<Right>: 0.319351 0 -0.947637

<Foliage1>
<Position>: 450.236 0 112.235
<Look>: 0.0305543 0 -0.999533
<Up>: 0 1 0
<Right>: -0.999533 0 -0.0305543

<Foliage1>
<Position>: 480.741 0 24.335
<Look>: 0.0915635 0 -0.995799
<Up>: 0 1 0
<Right>: -0.995799 0 -0.0915635

<Foliage1>
<Position>: 207.228 0 29.7536
<Look>: -0.990625 0 -0.13661
<Up>: 0 1 0
<Right>: -0.13661 0 0.990625

<Foliage1>
<Position>: 473.373 0 269.613
<Look>: 0.980444 0 0.196797
<Up>: 0 1 0
<Right>: 0.196797 0 -0.980444

<Foliage1>
<Position>: 425.698 0 221.477
<Look>: 0.824214 0 0.566278
<Up>: 0 1 0
<Right>: 0.566278 0 -0.824214

<Foliage1>
<Position>: 492.153 0 206.381
<Look>: 0.0421927 0 -0.99911
<Up>: 0 1 0
<Right>: -0.99911 0 -0.0421927

<Foliage1>
<Position>: 178.284 0 218.414
<Look>: 0.990423 0 -0.138069
<Up>: 0 1 0
<Right>: -0.138069 0 -0.990423

<Foliage1>
<Position>: 244.229 0 201.82
<Look>: 0.814169 0 -0.580628
<Up>: 0 1 0
<Right>: -0.580628 0 -0.814169

<Foliage1>
<Position>: 367.865 0 197.803
<Look>: 0.945208 0 -0.326469
<Up>: 0 1 0
<Right>: -0.326469 0 -0.945208

<Foliage1>
<Position>: 473.464 0 157.003
<Look>: -0.793028 0 -0.609185
<Up>: 0 1 0
<Right>: -0.609185 0 0.793028

<Foliage1>
<Position>: 494.781 0 179.257
<Look>: -0.310674 0 -0.950516
<Up>: 0 1 0
<Right>: -0.950516 0 0.310674

<Foliage1>
<Position>: 452.383 0 252.45
<Look>: 0.428667 0 0.903463
<Up>: 0 1 0
<Right>: 0.903463 0 -0.428667

<Foliage1>
<Position>: 213.259 0 213.223
<Look>: 0.990423 0 -0.138069
<Up>: 0 1 0
<Right>: -0.138069 0 -0.990423

<Foliage1>
<Position>: 460.051 0 138.684
<Look>: -0.392132 0 -0.919909
<Up>: 0 1 0
<Right>: -0.919909 0 0.392132

<Foliage1>
<Position>: 476.053 0 83.349
<Look>: 0.913079 0 -0.407782
<Up>: 0 1 0
<Right>: -0.407782 0 -0.913079

<Foliage1>
<Position>: 485.788 0 38.9909
<Look>: -0.501648 0 -0.865072
<Up>: 0 1 0
<Right>: -0.865072 0 0.501648

<Foliage1>
<Position>: 438.766 0 47.1649
<Look>: -0.128655 0 0.991689
<Up>: 0 1 0
<Right>: 0.991689 0 0.128655

<Foliage1>
<Position>: 405.025 0 73.6004
<Look>: -0.981128 0 0.193359
<Up>: 0 1 0
<Right>: 0.193359 0 0.981128

<Foliage1>
<Position>: 380.408 0 86.3931
<Look>: -0.899437 0 0.43705
<Up>: 0 1 0
<Right>: 0.43705 0 0.899437

<Foliage1>
<Position>: 351.047 0 86.0415
<Look>: -0.716155 0 -0.697941
<Up>: 0 1 0
<Right>: -0.697941 0 0.716155

<Foliage1>
<Position>: 328.445 0 60.6056
<Look>: -0.918871 0 -0.394558
<Up>: 0 1 0
<Right>: -0.394558 0 0.918871

<Foliage1>
<Position>: 299.552 0 51.6054
<Look>: -0.737129 0 -0.675752
<Up>: 0 1 0
<Right>: -0.675752 0 0.737129

<Foliage1>
<Position>: 253.205 0 27.0801
<Look>: -0.837369 0 -0.546638
<Up>: 0 1 0
<Right>: -0.546638 0 0.837369

<Foliage1>
<Position>: 229.344 0 22.1873
<Look>: -0.916426 0 0.400204
<Up>: 0 1 0
<Right>: 0.400204 0 0.916426

<Foliage1>
<Position>: 144.925 0 29.7981
<Look>: -0.571553 0 0.820565
<Up>: 0 1 0
<Right>: 0.820565 0 0.571553

<Foliage1>
<Position>: 187.712 0 21.2045
<Look>: -0.795453 0 -0.606015
<Up>: 0 1 0
<Right>: -0.606015 0 0.795453

<Foliage1>
<Position>: 60.089 0 143.635
<Look>: -0.127708 0 0.991812
<Up>: 0 1 0
<Right>: 0.991812 0 0.127708

<Foliage1>
<Position>: 69.4888 0 171.172
<Look>: 0.661043 0 0.750348
<Up>: 0 1 0
<Right>: 0.750348 0 -0.661043

<Foliage1>
<Position>: 78.1326 0 192.361
<Look>: -0.204485 0 0.97887
<Up>: 0 1 0
<Right>: 0.97887 0 0.204485

<Foliage1>
<Position>: 70.6553 0 209.226
<Look>: -0.633467 0 0.77377
<Up>: 0 1 0
<Right>: 0.77377 0 0.633467

<Foliage1>
<Position>: 62.9527 0 227.673
<Look>: 0.0736695 0 0.997283
<Up>: 0 1 0
<Right>: 0.997283 0 -0.0736695

<Foliage1>
<Position>: 58.2077 0 103.472
<Look>: 0.48044 0 0.877028
<Up>: 0 1 0
<Right>: 0.877028 0 -0.48044

<Foliage1>
<Position>: 64.8678 0 120.277
<Look>: -0.0365229 0 0.999333
<Up>: 0 1 0
<Right>: 0.999333 0 0.0365229

<Foliage1>
<Position>: 485.213 0 135.024
<Look>: -0.359736 0 -0.933054
<Up>: 0 1 0
<Right>: -0.933054 0 0.359736

<Foliage1>
<Position>: 122.824 0 266.73
<Look>: 0.997912 0 0.0645873
<Up>: 0 1 0
<Right>: 0.0645873 0 -0.997912

<Foliage1>
<Position>: 485.804 0 257.109
<Look>: -0.0273435 0 -0.999626
<Up>: 0 1 0
<Right>: -0.999626 0 0.0273435

<Foliage1>
<Position>: 383.819 0 296.231
<Look>: 0.999706 0 -0.0242377
<Up>: 0 1 0
<Right>: -0.0242377 0 -0.999706

<Foliage1>
<Position>: 141.014 0 265.499
<Look>: 0.88239 0 -0.470518
<Up>: 0 1 0
<Right>: -0.470518 0 -0.88239

<Foliage1>
<Position>: 163.098 0 252.222
<Look>: 0.938329 0 -0.345744
<Up>: 0 1 0
<Right>: -0.345744 0 -0.938329

<Foliage1>
<Position>: 477.722 0 190.629
<Look>: 0.376007 0 -0.926617
<Up>: 0 1 0
<Right>: -0.926617 0 -0.376007

<Foliage1>
<Position>: 482.707 0 168.683
<Look>: 0.129295 0 -0.991606
<Up>: 0 1 0
<Right>: -0.991606 0 -0.129295

<Foliage1>
<Position>: 464.345 0 45.2749
<Look>: -0.52498 0 -0.851114
<Up>: 0 1 0
<Right>: -0.851114 0 0.52498

<Foliage1>
<Position>: 363.232 0 294.282
<Look>: 0.983898 0 0.17873
<Up>: 0 1 0
<Right>: 0.17873 0 -0.983898

<Foliage1>
<Position>: 318.233 0 286.106
<Look>: 0.983898 0 0.17873
<Up>: 0 1 0
<Right>: 0.17873 0 -0.983898

<Foliage1>
<Position>: 370.958 0 65.6417
<Look>: -0.431824 0 0.901958
<Up>: 0 1 0
<Right>: 0.901958 0 0.431824

<Foliage1>
<Position>: 484.909 0 151.825
<Look>: 0.129295 0 -0.991606
<Up>: 0 1 0
<Right>: -0.991606 0 -0.129295

<Foliage1>
<Position>: 467.943 0 287.693
<Look>: 0.580238 0 -0.814447
<Up>: 0 1 0
<Right>: -0.814447 0 -0.580238

<Foliage1>
<Position>: 481.196 0 269.555
<Look>: 0.47847 0 -0.878104
<Up>: 0 1 0
<Right>: -0.878104 0 -0.47847

<Foliage1>
<Position>: 469.919 0 225.323
<Look>: -0.332525 0 -0.943095
<Up>: 0 1 0
<Right>: -0.943095 0 0.332525

<Foliage1>
<Position>: 474.047 0 119.009
<Look>: -0.702339 0 -0.711843
<Up>: 0 1 0
<Right>: -0.711843 0 0.702339

<Foliage1>
<Position>: 454.009 0 295.98
<Look>: 0.941399 0 -0.337295
<Up>: 0 1 0
<Right>: -0.337295 0 -0.941399

<Foliage1>
<Position>: 422.778 0 290.472
<Look>: 0.99488 0 0.101068
<Up>: 0 1 0
<Right>: 0.101068 0 -0.99488

<Foliage1>
<Position>: 437.77 0 294.317
<Look>: 0.953246 0 0.302196
<Up>: 0 1 0
<Right>: 0.302196 0 -0.953246

<Foliage1>
<Position>: 468.515 0 205.307
<Look>: 0.453405 0 -0.891305
<Up>: 0 1 0
<Right>: -0.891305 0 -0.453405

<Foliage1>
<Position>: 406.555 0 294.329
<Look>: 0.952101 0 -0.305782
<Up>: 0 1 0
<Right>: -0.305782 0 -0.952101

<Foliage1>
<Position>: 480.448 0 238.656
<Look>: -0.688776 0 -0.724974
<Up>: 0 1 0
<Right>: -0.724974 0 0.688776

<Foliage1>
<Position>: 466.948 0 109.949
<Look>: -0.31809 0 -0.94806
<Up>: 0 1 0
<Right>: -0.94806 0 0.31809

<Foliage1>
<Position>: 461.881 0 77.0306
<Look>: 0.167187 0 -0.985925
<Up>: 0 1 0
<Right>: -0.985925 0 -0.167187

<Foliage1>
<Position>: 465.562 0 63.1883
<Look>: 0.166213 0 -0.98609
<Up>: 0 1 0
<Right>: -0.98609 0 -0.166213

<Foliage1>
<Position>: 447.014 0 30.9601
<Look>: -0.994606 0 -0.10373
<Up>: 0 1 0
<Right>: -0.10373 0 0.994606

<Foliage1>
<Position>: 427.038 0 32.5247
<Look>: -0.977783 0 0.209621
<Up>: 0 1 0
<Right>: 0.209621 0 0.977783

<Foliage1>
<Position>: 411.499 0 35.8456
<Look>: -0.977783 0 0.209621
<Up>: 0 1 0
<Right>: 0.209621 0 0.977783

<Foliage1>
<Position>: 363.729 0 90.9595
<Look>: -0.518841 0 0.85487
<Up>: 0 1 0
<Right>: 0.85487 0 0.518841

<Foliage1>
<Position>: 352.762 0 103.443
<Look>: -0.935592 0 0.353084
<Up>: 0 1 0
<Right>: 0.353084 0 0.935592

<Foliage1>
<Position>: 388.007 0 47.8514
<Look>: -0.617722 0 0.786397
<Up>: 0 1 0
<Right>: 0.786397 0 0.617722

<Foliage1>
<Position>: 116.785 0 129.988
<Look>: -0.434329 0 -0.900754
<Up>: 0 1 0
<Right>: -0.900754 0 0.434329

<Foliage1>
<Position>: 93.5463 0 212.692
<Look>: -0.244886 0 0.969552
<Up>: 0 1 0
<Right>: 0.969552 0 0.244886

<Foliage1>
<Position>: 95.3472 0 235.43
<Look>: 0.628862 0 0.777517
<Up>: 0 1 0
<Right>: 0.777517 0 -0.628862

<Foliage1>
<Position>: 237.65 0 161.255
<Look>: 0.119375 0 -0.992849
<Up>: 0 1 0
<Right>: -0.992849 0 -0.119375

<Foliage1>
<Position>: 360.714 0 206.384
<Look>: -0.745139 0 -0.666909
<Up>: 0 1 0
<Right>: -0.666909 0 0.745139

<Foliage1>
<Position>: 369.449 0 102.056
<Look>: 0.952807 0 0.303577
<Up>: 0 1 0
<Right>: 0.303577 0 -0.952807

<Foliage1>
<Position>: 370.013 0 166.674
<Look>: 0.781591 0 0.623791
<Up>: 0 1 0
<Right>: 0.623791 0 -0.781591

<Foliage1>
<Position>: 444.514 0 169.271
<Look>: -0.284756 0 0.9586
<Up>: 0 1 0
<Right>: 0.9586 0 0.284756

<Foliage1>
<Position>: 440.773 0 185.91
<Look>: 0.0141493 0 0.9999
<Up>: 0 1 0
<Right>: 0.9999 0 -0.0141493

<Foliage1>
<Position>: 282.988 0 127.617
<Look>: 0.977974 0 -0.208724
<Up>: 0 1 0
<Right>: -0.208724 0 -0.977974

<Foliage1>
<Position>: 182.294 0 180.653
<Look>: -0.890155 0 0.455658
<Up>: 0 1 0
<Right>: 0.455658 0 0.890155

<Foliage1>
<Position>: 344.465 0 180.308
<Look>: -0.0567797 0 -0.998387
<Up>: 0 1 0
<Right>: -0.998387 0 0.0567797

<Foliage1>
<Position>: 335.937 0 155.362
<Look>: -0.817369 0 -0.576115
<Up>: 0 1 0
<Right>: -0.576115 0 0.817369

<Foliage1>
<Position>: 258.356 0 131.664
<Look>: 0.994937 0 0.100503
<Up>: 0 1 0
<Right>: 0.100503 0 -0.994937

<Foliage1>
<Position>: 270.886 0 144.434
<Look>: -0.946641 0 -0.322291
<Up>: 0 1 0
<Right>: -0.322291 0 0.946641

<Foliage1>
<Position>: 218.009 0 149.069
<Look>: -0.7281 0 0.685471
<Up>: 0 1 0
<Right>: 0.685471 0 0.7281

<Foliage1>
<Position>: 436.215 0 227.136
<Look>: -0.519673 0 0.854365
<Up>: 0 1 0
<Right>: 0.854365 0 0.519673

<Foliage1>
<Position>: 428.576 0 140.525
<Look>: -0.354228 0 0.935159
<Up>: 0 1 0
<Right>: 0.935159 0 0.354228

<Foliage1>
<Position>: 438.292 0 208.856
<Look>: 0.0544446 0 0.998517
<Up>: 0 1 0
<Right>: 0.998517 0 -0.0544446

<Foliage1>
<Position>: 305.722 0 79.7063
<Look>: 0.988624 0 -0.150406
<Up>: 0 1 0
<Right>: -0.150406 0 -0.988624

<Foliage1>
<Position>: 425.948 0 114.735
<Look>: 0.470121 0 0.882602
<Up>: 0 1 0
<Right>: 0.882602 0 -0.470121

<Foliage1>
<Position>: 394.579 0 234.896
<Look>: -0.723823 0 -0.689986
<Up>: 0 1 0
<Right>: -0.689986 0 0.723823

<Foliage1>
<Position>: 400.518 0 104.587
<Look>: 0.998679 0 -0.051388
<Up>: 0 1 0
<Right>: -0.051388 0 -0.998679

<Foliage1>
<Position>: 312.305 0 148.847
<Look>: -0.924653 0 0.380811
<Up>: 0 1 0
<Right>: 0.380811 0 0.924653

<Foliage1>
<Position>: 240.382 0 138.675
<Look>: 0.119375 0 -0.992849
<Up>: 0 1 0
<Right>: -0.992849 0 -0.119375

<Foliage1>
<Position>: 237.324 0 103.707
<Look>: -0.197004 0 -0.980403
<Up>: 0 1 0
<Right>: -0.980403 0 0.197004

<Foliage1>
<Position>: 428.975 0 164.876
<Look>: 0.586567 0 0.809901
<Up>: 0 1 0
<Right>: 0.809901 0 -0.586567

<Foliage1>
<Position>: 414.388 0 242.401
<Look>: -0.997089 0 -0.0762482
<Up>: 0 1 0
<Right>: -0.0762482 0 0.997089

<Foliage1>
<Position>: 278.322 0 69.2513
<Look>: 0.873759 0 0.486359
<Up>: 0 1 0
<Right>: 0.486359 0 -0.873759

<Foliage1>
<Position>: 316.228 0 132.946
<Look>: 0.926367 0 0.376623
<Up>: 0 1 0
<Right>: 0.376623 0 -0.926367

<Foliage1>
<Position>: 350.748 0 148.155
<Look>: 0.863774 0 0.50388
<Up>: 0 1 0
<Right>: 0.50388 0 -0.863774

<Foliage1>
<Position>: 400.897 0 171.665
<Look>: 0.894229 0 -0.44761
<Up>: 0 1 0
<Right>: -0.44761 0 -0.894229

<Foliage1>
<Position>: 361.957 0 226.223
<Look>: -0.985759 0 0.168163
<Up>: 0 1 0
<Right>: 0.168163 0 0.985759

<Foliage1>
<Position>: 403.538 0 267.267
<Look>: -0.994434 0 0.105361
<Up>: 0 1 0
<Right>: 0.105361 0 0.994434

<Foliage1>
<Position>: 170.364 0 161.532
<Look>: -0.990207 0 -0.13961
<Up>: 0 1 0
<Right>: -0.13961 0 0.990207

<Foliage1>
<Position>: 302.578 0 235.773
<Look>: 0.704463 0 -0.709741
<Up>: 0 1 0
<Right>: -0.709741 0 -0.704463

<Foliage1>
<Position>: 276.405 0 257.326
<Look>: 0.992002 0 0.12622
<Up>: 0 1 0
<Right>: 0.12622 0 -0.992002

<Foliage1>
<Position>: 131.953 0 203.713
<Look>: -0.931472 0 -0.363812
<Up>: 0 1 0
<Right>: -0.363812 0 0.931472

<Foliage1>
<Position>: 369.658 0 264.427
<Look>: 0.941842 0 0.336055
<Up>: 0 1 0
<Right>: 0.336055 0 -0.941842

<Foliage1>
<Position>: 355.717 0 250.19
<Look>: 0.60614 0 0.795358
<Up>: 0 1 0
<Right>: 0.795358 0 -0.60614

<Foliage1>
<Position>: 157.336 0 198.379
<Look>: -0.835996 0 0.548736
<Up>: 0 1 0
<Right>: 0.548736 0 0.835996

<Foliage2>
<Position>: 28.2234 0 213.393
<Look>: -0.379609 0 0.925147
<Up>: 0 1 0
<Right>: 0.925147 0 0.379609

<Foliage2>
<Position>: 14.1652 0 270.644
<Look>: -0.207257 0 0.978287
<Up>: 0 1 0
<Right>: 0.978287 0 0.207257

<Foliage2>
<Position>: 28.0196 0 199.019
<Look>: 0.181813 0 0.983333
<Up>: 0 1 0
<Right>: 0.983333 0 -0.181813

<Foliage2>
<Position>: 19.5225 0 181.879
<Look>: 0.386203 0 0.922414
<Up>: 0 1 0
<Right>: 0.922414 0 -0.386203

<Foliage2>
<Position>: 114.563 0 280.314
<Look>: 0.741985 0 0.670417
<Up>: 0 1 0
<Right>: 0.670417 0 -0.741985

<Foliage2>
<Position>: 126.511 0 287.337
<Look>: 0.982487 0 0.186332
<Up>: 0 1 0
<Right>: 0.186332 0 -0.982487

<Foliage2>
<Position>: 135.946 0 47.063
<Look>: -0.999905 0 -0.013786
<Up>: 0 1 0
<Right>: -0.013786 0 0.999905

<Foliage2>
<Position>: 27.4266 0 156.539
<Look>: 0.351285 0 0.936269
<Up>: 0 1 0
<Right>: 0.936269 0 -0.351285

<Foliage2>
<Position>: 54.3666 0 199.548
<Look>: 0.238477 0 0.971148
<Up>: 0 1 0
<Right>: 0.971148 0 -0.238477

<Foliage2>
<Position>: 54.8566 0 216.655
<Look>: -0.430033 0 0.902813
<Up>: 0 1 0
<Right>: 0.902813 0 0.430033

<Foliage2>
<Position>: 42.7432 0 233.887
<Look>: -0.434458 0 0.900692
<Up>: 0 1 0
<Right>: 0.900692 0 0.434458

<Foliage2>
<Position>: 38.8542 0 251.028
<Look>: 0.252216 0 0.967671
<Up>: 0 1 0
<Right>: 0.967671 0 -0.252216

<Foliage2>
<Position>: 49.8745 0 268.878
<Look>: 0.893079 0 0.449899
<Up>: 0 1 0
<Right>: 0.449899 0 -0.893079

<Foliage2>
<Position>: 67.4707 0 272.979
<Look>: 0.966742 0 -0.255753
<Up>: 0 1 0
<Right>: -0.255753 0 -0.966742

<Foliage2>
<Position>: 140.789 0 248.209
<Look>: 0.609422 0 -0.792846
<Up>: 0 1 0
<Right>: -0.792846 0 -0.609422

<Foliage2>
<Position>: 41.2695 0 182.179
<Look>: 0.667322 0 0.744769
<Up>: 0 1 0
<Right>: 0.744769 0 -0.667322

<Foliage2>
<Position>: 162.178 0 43.8194
<Look>: -0.987216 0 -0.15939
<Up>: 0 1 0
<Right>: -0.15939 0 0.987216

<Foliage2>
<Position>: 52.4804 0 36.991
<Look>: -0.831168 0 0.556021
<Up>: 0 1 0
<Right>: 0.556021 0 0.831168

<Foliage2>
<Position>: 180.661 0 58.3272
<Look>: -0.671376 0 -0.741117
<Up>: 0 1 0
<Right>: -0.741117 0 0.671376

<Foliage2>
<Position>: 159.201 0 229.055
<Look>: 0.829901 0 -0.557911
<Up>: 0 1 0
<Right>: -0.557911 0 -0.829901

<Foliage2>
<Position>: 412.146 0 212.166
<Look>: 0.824214 0 0.566278
<Up>: 0 1 0
<Right>: 0.566278 0 -0.824214

<Foliage2>
<Position>: 389.923 0 197.559
<Look>: 0.845655 0 0.533731
<Up>: 0 1 0
<Right>: 0.533731 0 -0.845655

<Foliage2>
<Position>: 341.906 0 290.408
<Look>: 0.983898 0 0.17873
<Up>: 0 1 0
<Right>: 0.17873 0 -0.983898

<Foliage2>
<Position>: 280.4 0 92.3918
<Look>: -0.959401 0 -0.282044
<Up>: 0 1 0
<Right>: -0.282044 0 0.959401

<Foliage2>
<Position>: 338.096 0 106.691
<Look>: -0.971826 0 -0.235698
<Up>: 0 1 0
<Right>: -0.235698 0 0.971826

<Foliage2>
<Position>: 319.758 0 98.632
<Look>: -0.834026 0 -0.551726
<Up>: 0 1 0
<Right>: -0.551726 0 0.834026

<Foliage2>
<Position>: 299.711 0 91.0768
<Look>: -0.985271 0 0.171003
<Up>: 0 1 0
<Right>: 0.171003 0 0.985271

<Foliage2>
<Position>: 256.152 0 67.7923
<Look>: -0.620963 0 -0.78384
<Up>: 0 1 0
<Right>: -0.78384 0 0.620963

<Foliage2>
<Position>: 209.145 0 110.76
<Look>: -0.279018 0 0.960286
<Up>: 0 1 0
<Right>: 0.960286 0 0.279018

<Foliage2>
<Position>: 158.823 0 139.663
<Look>: -0.996886 0 0.0788555
<Up>: 0 1 0
<Right>: 0.0788555 0 0.996886

<Foliage2>
<Position>: 263.204 0 82.2465
<Look>: -0.461365 0 -0.88721
<Up>: 0 1 0
<Right>: -0.88721 0 0.461365

<Foliage2>
<Position>: 217.689 0 61.0986
<Look>: -0.662423 0 0.74913
<Up>: 0 1 0
<Right>: 0.74913 0 0.662423

<Foliage2>
<Position>: 91.7183 0 174.423
<Look>: 0.655303 0 0.755366
<Up>: 0 1 0
<Right>: 0.755366 0 -0.655303

<Foliage2>
<Position>: 177.972 0 138.103
<Look>: -0.996886 0 0.0788555
<Up>: 0 1 0
<Right>: 0.0788555 0 0.996886

<Foliage2>
<Position>: 103.085 0 193.269
<Look>: -0.285893 0 0.958261
<Up>: 0 1 0
<Right>: 0.958261 0 0.285893

<Foliage2>
<Position>: 233.38 0 55.0696
<Look>: -0.984901 0 0.173117
<Up>: 0 1 0
<Right>: 0.173117 0 0.984901

<Foliage2>
<Position>: 201.581 0 128.479
<Look>: -0.756097 0 0.654459
<Up>: 0 1 0
<Right>: 0.654459 0 0.756097

<Foliage2>
<Position>: 110.828 0 246.977
<Look>: 0.993657 0 0.112455
<Up>: 0 1 0
<Right>: 0.112455 0 -0.993657

<Foliage2>
<Position>: 208.719 0 82.6207
<Look>: 0.0890851 0 0.996024
<Up>: 0 1 0
<Right>: 0.996024 0 -0.0890851

<Foliage2>
<Position>: 241.069 0 72.2053
<Look>: 0.745413 0 -0.666602
<Up>: 0 1 0
<Right>: -0.666602 0 -0.745413

<Foliage2>
<Position>: 132.563 0 249.14
<Look>: 0.997561 0 0.0697957
<Up>: 0 1 0
<Right>: 0.0697957 0 -0.997561

<Foliage2>
<Position>: 330.814 0 248.274
<Look>: -0.95364 0 -0.30095
<Up>: 0 1 0
<Right>: -0.30095 0 0.95364

<Foliage2>
<Position>: 486.995 0 158.342
<Look>: -0.216609 0 -0.976258
<Up>: 0 1 0
<Right>: -0.976258 0 0.216609

<Foliage2>
<Position>: 486.76 0 123.013
<Look>: -0.212979 0 -0.977057
<Up>: 0 1 0
<Right>: -0.977057 0 0.212979

<Foliage2>
<Position>: 314.461 0 26.3105
<Look>: -0.990013 0 -0.140974
<Up>: 0 1 0
<Right>: -0.140974 0 0.990013

<Foliage2>
<Position>: 345.976 0 32.8108
<Look>: -0.807628 0 -0.589692
<Up>: 0 1 0
<Right>: -0.589692 0 0.807628

<Foliage2>
<Position>: 436.169 0 243.092
<Look>: 0.949908 0 -0.31253
<Up>: 0 1 0
<Right>: -0.31253 0 -0.949908

<GoldTimer>
<Position>: 205.628 0 61.5757
<Look>: -0.979258 0 0.202619
<Up>: 0 1 0
<Right>: 0.202619 0 0.979258

<GoldTimer>
<Position>: 23.7028 0 297.36
<Look>: -0.975781 0 -0.21875
<Up>: 0 1 0
<Right>: -0.21875 0 0.975781

<GoldTimer>
<Position>: 484.128 0 99.8257
<Look>: -0.739443 0 0.67322
<Up>: 0 1 0
<Right>: 0.67322 0 0.739443

<GoldTimer>
<Position>: 273.952 0 292.882
<Look>: -0.954114 0 0.299444
<Up>: 0 1 0
<Right>: 0.299444 0 0.954114

<Hammer>
<Position>: 474.825 0 28.0877
<Look>: -0.730394 0 -0.683026
<Up>: 0 1 0
<Right>: -0.683026 0 0.730394

<Hammer>
<Position>: 140.989 0 221.343
<Look>: -0.775886 0 0.630873
<Up>: 0 1 0
<Right>: 0.630873 0 0.775886

<Hammer>
<Position>: 185.306 0 255.287
<Look>: 0.205198 0 -0.97872
<Up>: 0 1 0
<Right>: -0.97872 0 -0.205198

<Hammer>
<Position>: 112.086 0 286.093
<Look>: 0.997764 0 0.0668424
<Up>: 0 1 0
<Right>: 0.0668424 0 -0.997764

<Hammer>
<Position>: 139.054 0 155.301
<Look>: 0.399362 0 0.916793
<Up>: 0 1 0
<Right>: 0.916793 0 -0.399362

<Hammer>
<Position>: 308.548 0 193.872
<Look>: 0.95669 0 -0.291109
<Up>: 0 1 0
<Right>: -0.291109 0 -0.95669

<Hammer>
<Position>: 280.797 0 260.236
<Look>: 0.786584 0 0.617483
<Up>: 0 1 0
<Right>: 0.617483 0 -0.786584

<Hammer>
<Position>: 76.3674 0 79.4814
<Look>: 0.939609 0 0.342251
<Up>: 0 1 0
<Right>: 0.342251 0 -0.939609

<Hammer>
<Position>: 432.757 0 88.0605
<Look>: 0.943612 0 -0.331053
<Up>: 0 1 0
<Right>: -0.331053 0 -0.943612

<Hammer>
<Position>: 178.838 0 30.1262
<Look>: -0.994483 0 -0.1049
<Up>: 0 1 0
<Right>: -0.1049 0 0.994483

<Hammer>
<Position>: 29.9367 0 246.038
<Look>: -0.718142 0 -0.695897
<Up>: 0 1 0
<Right>: -0.695897 0 0.718142

<Hammer>
<Position>: 495.493 0 298.175
<Look>: 0.997566 0 0.0697261
<Up>: 0 1 0
<Right>: 0.0697261 0 -0.997566

<Hammer>
<Position>: 193.193 0 294.872
<Look>: 0.99301 0 -0.118033
<Up>: 0 1 0
<Right>: -0.118033 0 -0.99301

<Hammer>
<Position>: 47.6573 0 28.7657
<Look>: -0.234077 0 -0.972218
<Up>: 0 1 0
<Right>: -0.972218 0 0.234077

<Hammer>
<Position>: 331.977 0 90.845
<Look>: 0.972756 0 0.231832
<Up>: 0 1 0
<Right>: 0.231832 0 -0.972756

<Hammer>
<Position>: 178.536 0 119.397
<Look>: 0.987712 0 -0.156288
<Up>: 0 1 0
<Right>: -0.156288 0 -0.987712

<Hammer>
<Position>: 463.655 0 176.723
<Look>: -0.351967 0 0.936012
<Up>: 0 1 0
<Right>: 0.936012 0 0.351967

<Hammer>
<Position>: 392.272 0 13.6246
<Look>: -0.976826 0 0.214033
<Up>: 0 1 0
<Right>: 0.214033 0 0.976826

<Hammer>
<Position>: 220.346 0 164.467
<Look>: -0.564179 0 0.825652
<Up>: 0 1 0
<Right>: 0.825652 0 0.564179

<Hammer>
<Position>: 206.816 0 207.795
<Look>: 0.842344 0 -0.53894
<Up>: 0 1 0
<Right>: -0.53894 0 -0.842344

<Hammer>
<Position>: 67.8287 0 151.333
<Look>: 0.124449 0 0.992226
<Up>: 0 1 0
<Right>: 0.992226 0 -0.124449

<Hammer>
<Position>: 365.01 0 249.478
<Look>: 0.902676 0 0.430321
<Up>: 0 1 0
<Right>: 0.430321 0 -0.902676

<LowPolyFence_01>
<Position>: 55 0 2
<Look>: 0 0 1
<Up>: 0 1 0
<Right>: 1 0 0

<LowPolyFence_01>
<Position>: 132 0 2
<Look>: 0 0 1
<Up>: 0 1 0
<Right>: 1 0 0

<LowPolyFence_01>
<Position>: 154 0 2
<Look>: 0 0 1
<Up>: 0 1 0
<Right>: 1 0 0

<LowPolyFence_01>
<Position>: 99 0 2
<Look>: 0 0 1
<Up>: 0 1 0
<Right>: 1 0 0

<LowPolyFence_01>
<Position>: 220 0 2
<Look>: 0 0 1
<Up>: 0 1 0
<Right>: 1 0 0

<LowPolyFence_01>
<Position>: 121 0 2
<Look>: 0 0 1
<Up>: 0 1 0
<Right>: 1 0 0

<LowPolyFence_01>
<Position>: 143 0 2
<Look>: 0 0 1
<Up>: 0 1 0
<Right>: 1 0 0

<LowPolyFence_01>
<Position>: 165 0 2
<Look>: 0 0 1
<Up>: 0 1 0
<Right>: 1 0 0

<LowPolyFence_01>
<Position>: 187 0 2
<Look>: 0 0 1
<Up>: 0 1 0
<Right>: 1 0 0

<LowPolyFence_01>
<Position>: 33 0 2
<Look>: 0 0 1
<Up>: 0 1 0
<Right>: 1 0 0

<LowPolyFence_01>
<Position>: 88 0 2
<Look>: 0 0 1
<Up>: 0 1 0
<Right>: 1 0 0

<LowPolyFence_01>
<Position>: 264 0 2
<Look>: 0 0 1
<Up>: 0 1 0
<Right>: 1 0 0

<LowPolyFence_01>
<Position>: 110 0 2
<Look>: 0 0 1
<Up>: 0 1 0
<Right>: 1 0 0

<LowPolyFence_01>
<Position>: 176 0 2
<Look>: 0 0 1
<Up>: 0 1 0
<Right>: 1 0 0

<LowPolyFence_01>
<Position>: 44 0 2
<Look>: 0 0 1
<Up>: 0 1 0
<Right>: 1 0 0

<LowPolyFence_01>
<Position>: 77 0 2
<Look>: 0 0 1
<Up>: 0 1 0
<Right>: 1 0 0

<LowPolyFence_01>
<Position>: 22 0 2
<Look>: 0 0 1
<Up>: 0 1 0
<Right>: 1 0 0

<LowPolyFence_01>
<Position>: 198 0 2
<Look>: 0 0 1
<Up>: 0 1 0
<Right>: 1 0 0

<LowPolyFence_01>
<Position>: 209 0 2
<Look>: 0 0 1
<Up>: 0 1 0
<Right>: 1 0 0

<LowPolyFence_01>
<Position>: 231 0 2
<Look>: 0 0 1
<Up>: 0 1 0
<Right>: 1 0 0

<LowPolyFence_01>
<Position>: 242 0 2
<Look>: 0 0 1
<Up>: 0 1 0
<Right>: 1 0 0

<LowPolyFence_01>
<Position>: 253 0 2
<Look>: 0 0 1
<Up>: 0 1 0
<Right>: 1 0 0

<LowPolyFence_01>
<Position>: 275 0 2
<Look>: 0 0 1
<Up>: 0 1 0
<Right>: 1 0 0

<LowPolyFence_01>
<Position>: 66 0 2
<Look>: 0 0 1
<Up>: 0 1 0
<Right>: 1 0 0

<LowPolyFence_01>
<Position>: 11 0 2
<Look>: 0 0 1
<Up>: 0 1 0
<Right>: 1 0 0

<LowPolyFence_01>
<Position>: 286 0 2
<Look>: 0 0 1
<Up>: 0 1 0
<Right>: 1 0 0

<LowPolyFence_01>
<Position>: 297 0 2
<Look>: 0 0 1
<Up>: 0 1 0
<Right>: 1 0 0

<LowPolyFence_01>
<Position>: 308 0 2
<Look>: 0 0 1
<Up>: 0 1 0
<Right>: 1 0 0

<LowPolyFence_01>
<Position>: 374 0 305
<Look>: 0 0 1
<Up>: 0 1 0
<Right>: 1 0 0

<LowPolyFence_01>
<Position>: 451 0 305
<Look>: 0 0 1
<Up>: 0 1 0
<Right>: 1 0 0

<LowPolyFence_01>
<Position>: 209 0 305
<Look>: 0 0 1
<Up>: 0 1 0
<Right>: 1 0 0

<LowPolyFence_01>
<Position>: 297 0 305
<Look>: 0 0 1
<Up>: 0 1 0
<Right>: 1 0 0

<LowPolyFence_01>
<Position>: 308 0 305
<Look>: 0 0 1
<Up>: 0 1 0
<Right>: 1 0 0

<LowPolyFence_01>
<Position>: 319 0 305
<Look>: 0 0 1
<Up>: 0 1 0
<Right>: 1 0 0

<LowPolyFence_01>
<Position>: 330 0 305
<Look>: 0 0 1
<Up>: 0 1 0
<Right>: 1 0 0

<LowPolyFence_01>
<Position>: 1 0 26
<Look>: 1 0 -1.19209e-07
<Up>: 0 1 0
<Right>: -1.19209e-07 0 -1

<LowPolyFence_01>
<Position>: 1 0 114
<Look>: 1 0 -1.19209e-07
<Up>: 0 1 0
<Right>: -1.19209e-07 0 -1

<LowPolyFence_01>
<Position>: 1 0 136
<Look>: 1 0 -1.19209e-07
<Up>: 0 1 0
<Right>: -1.19209e-07 0 -1

<LowPolyFence_01>
<Position>: 1 0 81
<Look>: 1 0 -1.19209e-07
<Up>: 0 1 0
<Right>: -1.19209e-07 0 -1

<LowPolyFence_01>
<Position>: 429 0 305
<Look>: 0 0 1
<Up>: 0 1 0
<Right>: 1 0 0

<LowPolyFence_01>
<Position>: 264 0 305
<Look>: 0 0 1
<Up>: 0 1 0
<Right>: 1 0 0

<LowPolyFence_01>
<Position>: 286 0 305
<Look>: 0 0 1
<Up>: 0 1 0
<Right>: 1 0 0

<LowPolyFence_01>
<Position>: 363 0 305
<Look>: 0 0 1
<Up>: 0 1 0
<Right>: 1 0 0

<LowPolyFence_01>
<Position>: 231 0 305
<Look>: 0 0 1
<Up>: 0 1 0
<Right>: 1 0 0

<LowPolyFence_01>
<Position>: 275 0 305
<Look>: 0 0 1
<Up>: 0 1 0
<Right>: 1 0 0

<LowPolyFence_01>
<Position>: 220 0 305
<Look>: 0 0 1
<Up>: 0 1 0
<Right>: 1 0 0

<LowPolyFence_01>
<Position>: 352 0 305
<Look>: 0 0 1
<Up>: 0 1 0
<Right>: 1 0 0

<LowPolyFence_01>
<Position>: 385 0 305
<Look>: 0 0 1
<Up>: 0 1 0
<Right>: 1 0 0

<LowPolyFence_01>
<Position>: 396 0 305
<Look>: 0 0 1
<Up>: 0 1 0
<Right>: 1 0 0

<LowPolyFence_01>
<Position>: 418 0 305
<Look>: 0 0 1
<Up>: 0 1 0
<Right>: 1 0 0

<LowPolyFence_01>
<Position>: 462 0 305
<Look>: 0 0 1
<Up>: 0 1 0
<Right>: 1 0 0

<LowPolyFence_01>
<Position>: 473 0 305
<Look>: 0 0 1
<Up>: 0 1 0
<Right>: 1 0 0

<LowPolyFence_01>
<Position>: 484 0 305
<Look>: 0 0 1
<Up>: 0 1 0
<Right>: 1 0 0

<LowPolyFence_01>
<Position>: 341 0 305
<Look>: 0 0 1
<Up>: 0 1 0
<Right>: 1 0 0

<LowPolyFence_01>
<Position>: 495 0 305
<Look>: 0 0 1
<Up>: 0 1 0
<Right>: 1 0 0

<LowPolyFence_01>
<Position>: 253 0 305
<Look>: 0 0 1
<Up>: 0 1 0
<Right>: 1 0 0

<LowPolyFence_01>
<Position>: 407 0 305
<Look>: 0 0 1
<Up>: 0 1 0
<Right>: 1 0 0

<LowPolyFence_01>
<Position>: 242 0 305
<Look>: 0 0 1
<Up>: 0 1 0
<Right>: 1 0 0

<LowPolyFence_01>
<Position>: 440 0 305
<Look>: 0 0 1
<Up>: 0 1 0
<Right>: 1 0 0

<LowPolyFence_01>
<Position>: 1 0 15
<Look>: 1 0 -1.19209e-07
<Up>: 0 1 0
<Right>: -1.19209e-07 0 -1

<LowPolyFence_01>
<Position>: 1 0 37
<Look>: 1 0 -1.19209e-07
<Up>: 0 1 0
<Right>: -1.19209e-07 0 -1

<LowPolyFence_01>
<Position>: 1 0 48
<Look>: 1 0 -1.19209e-07
<Up>: 0 1 0
<Right>: -1.19209e-07 0 -1

<LowPolyFence_01>
<Position>: 1 0 59
<Look>: 1 0 -1.19209e-07
<Up>: 0 1 0
<Right>: -1.19209e-07 0 -1

<LowPolyFence_01>
<Position>: 1 0 92
<Look>: 1 0 -1.19209e-07
<Up>: 0 1 0
<Right>: -1.19209e-07 0 -1

<LowPolyFence_01>
<Position>: 1 0 70
<Look>: 1 0 -1.19209e-07
<Up>: 0 1 0
<Right>: -1.19209e-07 0 -1

<LowPolyFence_01>
<Position>: 1 0 103
<Look>: 1 0 -1.19209e-07
<Up>: 0 1 0
<Right>: -1.19209e-07 0 -1

<LowPolyFence_01>
<Position>: 1 0 125
<Look>: 1 0 -1.19209e-07
<Up>: 0 1 0
<Right>: -1.19209e-07 0 -1

<LowPolyFence_01>
<Position>: 1 0 180
<Look>: 1 0 -1.19209e-07
<Up>: 0 1 0
<Right>: -1.19209e-07 0 -1

<LowPolyFence_01>
<Position>: 1 0 202
<Look>: 1 0 -1.19209e-07
<Up>: 0 1 0
<Right>: -1.19209e-07 0 -1

<LowPolyFence_01>
<Position>: 1 0 224
<Look>: 1 0 -1.19209e-07
<Up>: 0 1 0
<Right>: -1.19209e-07 0 -1

<LowPolyFence_01>
<Position>: 1 0 246
<Look>: 1 0 -1.19209e-07
<Up>: 0 1 0
<Right>: -1.19209e-07 0 -1

<LowPolyFence_01>
<Position>: 1 0 257
<Look>: 1 0 -1.19209e-07
<Up>: 0 1 0
<Right>: -1.19209e-07 0 -1

<LowPolyFence_01>
<Position>: 1 0 268
<Look>: 1 0 -1.19209e-07
<Up>: 0 1 0
<Right>: -1.19209e-07 0 -1

<LowPolyFence_01>
<Position>: 1 0 147
<Look>: 1 0 -1.19209e-07
<Up>: 0 1 0
<Right>: -1.19209e-07 0 -1

<LowPolyFence_01>
<Position>: 1 0 158
<Look>: 1 0 -1.19209e-07
<Up>: 0 1 0
<Right>: -1.19209e-07 0 -1

<LowPolyFence_01>
<Position>: 1 0 235
<Look>: 1 0 -1.19209e-07
<Up>: 0 1 0
<Right>: -1.19209e-07 0 -1

<LowPolyFence_01>
<Position>: 1 0 191
<Look>: 1 0 -1.19209e-07
<Up>: 0 1 0
<Right>: -1.19209e-07 0 -1

<LowPolyFence_01>
<Position>: 1 0 279
<Look>: 1 0 -1.19209e-07
<Up>: 0 1 0
<Right>: -1.19209e-07 0 -1

<LowPolyFence_01>
<Position>: 1 0 290
<Look>: 1 0 -1.19209e-07
<Up>: 0 1 0
<Right>: -1.19209e-07 0 -1

<LowPolyFence_01>
<Position>: 508 0 15
<Look>: 1 0 -1.19209e-07
<Up>: 0 1 0
<Right>: -1.19209e-07 0 -1

<LowPolyFence_01>
<Position>: 508 0 26
<Look>: 1 0 -1.19209e-07
<Up>: 0 1 0
<Right>: -1.19209e-07 0 -1

<LowPolyFence_01>
<Position>: 1 0 213
<Look>: 1 0 -1.19209e-07
<Up>: 0 1 0
<Right>: -1.19209e-07 0 -1

<LowPolyFence_01>
<Position>: 508 0 37
<Look>: 1 0 -1.19209e-07
<Up>: 0 1 0
<Right>: -1.19209e-07 0 -1

<LowPolyFence_01>
<Position>: 508 0 48
<Look>: 1 0 -1.19209e-07
<Up>: 0 1 0
<Right>: -1.19209e-07 0 -1

<LowPolyFence_01>
<Position>: 508 0 59
<Look>: 1 0 -1.19209e-07
<Up>: 0 1 0
<Right>: -1.19209e-07 0 -1

<LowPolyFence_01>
<Position>: 508 0 70
<Look>: 1 0 -1.19209e-07
<Up>: 0 1 0
<Right>: -1.19209e-07 0 -1

<LowPolyFence_01>
<Position>: 1 0 169
<Look>: 1 0 -1.19209e-07
<Up>: 0 1 0
<Right>: -1.19209e-07 0 -1

<LowPolyFence_01>
<Position>: 508 0 268
<Look>: 1 0 -1.19209e-07
<Up>: 0 1 0
<Right>: -1.19209e-07 0 -1

<LowPolyFence_01>
<Position>: 508 0 290
<Look>: 1 0 -1.19209e-07
<Up>: 0 1 0
<Right>: -1.19209e-07 0 -1

<LowPolyFence_01>
<Position>: 508 0 235
<Look>: 1 0 -1.19209e-07
<Up>: 0 1 0
<Right>: -1.19209e-07 0 -1

<LowPolyFence_01>
<Position>: 508 0 246
<Look>: 1 0 -1.19209e-07
<Up>: 0 1 0
<Right>: -1.19209e-07 0 -1

<LowPolyFence_01>
<Position>: 11 0 305
<Look>: 0 0 1
<Up>: 0 1 0
<Right>: 1 0 0

<LowPolyFence_01>
<Position>: 77 0 305
<Look>: 0 0 1
<Up>: 0 1 0
<Right>: 1 0 0

<LowPolyFence_01>
<Position>: 508 0 180
<Look>: 1 0 -1.19209e-07
<Up>: 0 1 0
<Right>: -1.19209e-07 0 -1

<LowPolyFence_01>
<Position>: 121 0 305
<Look>: 0 0 1
<Up>: 0 1 0
<Right>: 1 0 0

<LowPolyFence_01>
<Position>: 22 0 305
<Look>: 0 0 1
<Up>: 0 1 0
<Right>: 1 0 0

<LowPolyFence_01>
<Position>: 143 0 305
<Look>: 0 0 1
<Up>: 0 1 0
<Right>: 1 0 0

<LowPolyFence_01>
<Position>: 132 0 305
<Look>: 0 0 1
<Up>: 0 1 0
<Right>: 1 0 0

<LowPolyFence_01>
<Position>: 508 0 202
<Look>: 1 0 -1.19209e-07
<Up>: 0 1 0
<Right>: -1.19209e-07 0 -1

<LowPolyFence_01>
<Position>: 165 0 305
<Look>: 0 0 1
<Up>: 0 1 0
<Right>: 1 0 0

<LowPolyFence_01>
<Position>: 55 0 305
<Look>: 0 0 1
<Up>: 0 1 0
<Right>: 1 0 0

<LowPolyFence_01>
<Position>: 44 0 305
<Look>: 0 0 1
<Up>: 0 1 0
<Right>: 1 0 0

<LowPolyFence_01>
<Position>: 99 0 305
<Look>: 0 0 1
<Up>: 0 1 0
<Right>: 1 0 0

<LowPolyFence_01>
<Position>: 187 0 305
<Look>: 0 0 1
<Up>: 0 1 0
<Right>: 1 0 0

<LowPolyFence_01>
<Position>: 66 0 305
<Look>: 0 0 1
<Up>: 0 1 0
<Right>: 1 0 0

<LowPolyFence_01>
<Position>: 508 0 191
<Look>: 1 0 -1.19209e-07
<Up>: 0 1 0
<Right>: -1.19209e-07 0 -1

<LowPolyFence_01>
<Position>: 33 0 305
<Look>: 0 0 1
<Up>: 0 1 0
<Right>: 1 0 0

<LowPolyFence_01>
<Position>: 508 0 279
<Look>: 1 0 -1.19209e-07
<Up>: 0 1 0
<Right>: -1.19209e-07 0 -1

<LowPolyFence_01>
<Position>: 110 0 305
<Look>: 0 0 1
<Up>: 0 1 0
<Right>: 1 0 0

<LowPolyFence_01>
<Position>: 176 0 305
<Look>: 0 0 1
<Up>: 0 1 0
<Right>: 1 0 0

<LowPolyFence_01>
<Position>: 198 0 305
<Look>: 0 0 1
<Up>: 0 1 0
<Right>: 1 0 0

<LowPolyFence_01>
<Position>: 508 0 213
<Look>: 1 0 -1.19209e-07
<Up>: 0 1 0
<Right>: -1.19209e-07 0 -1

<LowPolyFence_01>
<Position>: 508 0 224
<Look>: 1 0 -1.19209e-07
<Up>: 0 1 0
<Right>: -1.19209e-07 0 -1

<LowPolyFence_01>
<Position>: 88 0 305
<Look>: 0 0 1
<Up>: 0 1 0
<Right>: 1 0 0

<LowPolyFence_01>
<Position>: 154 0 305
<Look>: 0 0 1
<Up>: 0 1 0
<Right>: 1 0 0

<LowPolyFence_01>
<Position>: 508 0 257
<Look>: 1 0 -1.19209e-07
<Up>: 0 1 0
<Right>: -1.19209e-07 0 -1

<LowPolyFence_01>
<Position>: 1 0 202
<Look>: 1 0 -1.19209e-07
<Up>: 0 1 0
<Right>: -1.19209e-07 0 -1

<LowPolyFence_01>
<Position>: 1 0 224
<Look>: 1 0 -1.19209e-07
<Up>: 0 1 0
<Right>: -1.19209e-07 0 -1

<LowPolyFence_01>
<Position>: 1 0 290
<Look>: 1 0 -1.19209e-07
<Up>: 0 1 0
<Right>: -1.19209e-07 0 -1

<LowPolyFence_01>
<Position>: 508 0 103
<Look>: 1 0 -1.19209e-07
<Up>: 0 1 0
<Right>: -1.19209e-07 0 -1

<LowPolyFence_01>
<Position>: 1 0 191
<Look>: 1 0 -1.19209e-07
<Up>: 0 1 0
<Right>: -1.19209e-07 0 -1

<LowPolyFence_01>
<Position>: 1 0 246
<Look>: 1 0 -1.19209e-07
<Up>: 0 1 0
<Right>: -1.19209e-07 0 -1

<LowPolyFence_01>
<Position>: 508 0 114
<Look>: 1 0 -1.19209e-07
<Up>: 0 1 0
<Right>: -1.19209e-07 0 -1

<LowPolyFence_01>
<Position>: 508 0 125
<Look>: 1 0 -1.19209e-07
<Up>: 0 1 0
<Right>: -1.19209e-07 0 -1

<LowPolyFence_01>
<Position>: 508 0 158
<Look>: 1 0 -1.19209e-07
<Up>: 0 1 0
<Right>: -1.19209e-07 0 -1

<LowPolyFence_01>
<Position>: 1 0 279
<Look>: 1 0 -1.19209e-07
<Up>: 0 1 0
<Right>: -1.19209e-07 0 -1

<LowPolyFence_01>
<Position>: 1 0 158
<Look>: 1 0 -1.19209e-07
<Up>: 0 1 0
<Right>: -1.19209e-07 0 -1

<LowPolyFence_01>
