Objects Count:16
<SM_BigPlainRock_Snow_02>
<Position>: 393.745 0 195.779
<Look>: 0.669595 0 0.742727
<Up>: 0 1 0
<Right>: 0.742727 0 -0.669595

<SM_DeadTrunk_01>
<Position>: 422.633 0 155.205
<Look>: -0.230571 0 0.973056
<Up>: 0 1 0
<Right>: 0.973056 0 0.230571

<SM_DeadTrunk_02>
<Position>: 145.127 0 140.905
<Look>: 0.995716 0 0.092463
<Up>: 0 1 0
<Right>: 0.092463 0 -0.995716

<SM_DeadTrunk_03>
<Position>: 423.304 0 98.667
<Look>: -0.982368 0 -0.186956
<Up>: 0 1 0
<Right>: -0.186956 0 0.982368

<SM_DeadTrunk_04>
<Position>: 297.016 0 181.908
<Look>: 0.979467 0 0.201606
<Up>: 0 1 0
<Right>: 0.201606 0 -0.979467

<SM_DeadTrunk_05>
<Position>: 382.58 0 98.9233
<Look>: -0.833198 0 0.552975
<Up>: 0 1 0
<Right>: 0.552975 0 0.833198

<SM_PineTree_Snow_02>
<Position>: 435.751 0 107.092
<Look>: -0.793961 0 0.607969
<Up>: 0 1 0
<Right>: 0.607969 0 0.793961

<SM_PineTree_Snow_02>
<Position>: 261.884 0 141.629
<Look>: 0.0651938 0 0.997873
<Up>: 0 1 0
<Right>: 0.997873 0 -0.0651938

<SM_PineTree_Snow_02>
<Position>: 20.8666 0 40.0281
<Look>: 0.591236 0 0.806499
<Up>: 0 1 0
<Right>: 0.806499 0 -0.591236

<SM_PineTree_Snow_04>
<Position>: 263.947 0 170.643
<Look>: 0.750253 0 0.661151
<Up>: 0 1 0
<Right>: 0.661151 0 -0.750253

<SM_PineTree_Snow_04>
<Position>: 364.911 0 108.523
<Look>: -0.983317 0 0.181901
<Up>: 0 1 0
<Right>: 0.181901 0 0.983317

<SM_PineTree_Snow_04>
<Position>: 45.3785 0 72.9986
<Look>: 0.815455 0 0.57882
<Up>: 0 1 0
<Right>: 0.57882 0 -0.815455

<SM_PineTree_Snow_06>
<Position>: 321.563 0 110.822
<Look>: -0.998346 0 0.057491
<Up>: 0 1 0
<Right>: 0.057491 0 0.998346

<SM_PineTree_Snow_06>
<Position>: 95.2039 0 113.994
<Look>: 0.956034 0 0.293257
<Up>: 0 1 0
<Right>: 0.293257 0 -0.956034

<SM_PineTree_Snow_08>
<Position>: 283.572 0 116.988
<Look>: -0.641056 0 0.767494
<Up>: 0 1 0
<Right>: 0.767494 0 0.641056

<SM_PineTree_Snow_08>
<Position>: 211.158 0 164.502
<Look>: 0.977846 0 -0.209328
<Up>: 0 1 0
<Right>: -0.209328 0 -0.977846

